candidate_id,S_ImmigStatus,X_uni,X_code,X_behav,X_ref,X_exp,X_permit,Y_Target
0,0,3,12.772825044310553,30.375958548183597,0,7,1,0
1,0,1,17.50527737967905,29.698636653043152,0,2,0,0
2,1,2,32.624263042146914,44.53021581905781,0,6,0,1
3,0,1,53.92706898109442,53.09499086230373,1,5,0,1
4,1,2,30.001355624821375,47.36717423038476,0,6,0,0
5,0,2,55.50597370649715,47.929424344578386,1,6,1,1
6,1,1,59.19725731444453,70.17482561513381,1,7,0,1
7,0,1,30.921657662608926,33.8096682308859,0,3,0,1
8,0,2,55.524201514962236,51.3153330668713,1,5,0,1
9,0,2,61.59302298975598,54.75926232308899,1,3,1,1
10,0,2,42.86031188375712,34.2785326093131,0,2,1,1
11,0,1,47.99700763221073,35.317015276867735,0,2,1,1
12,0,1,46.30011672199011,44.78401218093744,0,3,0,1
13,0,1,50.42396156798794,50.57243693303042,0,5,1,0
14,1,1,44.34264643436828,44.63979172258893,0,1,0,0
15,1,2,60.05169607756964,77.05354024021206,1,9,1,1
16,0,2,22.88362659059012,30.49853532152488,0,8,1,1
17,1,2,67.97687615978107,71.43016299550976,1,4,0,1
18,0,2,61.41137695869355,48.30411045763408,1,4,1,0
19,0,2,41.485739249653506,45.45004687954392,0,5,1,1
20,0,2,68.96217826061518,55.242647491707295,1,3,1,1
21,0,2,35.51413372489227,37.413931155595,0,4,1,1
22,0,1,28.58066150370385,29.42577799635132,1,5,0,1
23,0,1,45.89494620645907,46.5584435881452,0,2,1,1
24,0,3,56.47052307506402,53.90986706070776,0,7,1,0
25,0,1,45.92068964803096,44.911603703899914,0,4,1,1
26,1,2,49.45950652032505,66.21896183596054,0,7,0,1
27,0,1,36.310473748804995,37.14033616616309,0,3,1,0
28,0,2,67.79674167707675,54.110406585307466,1,2,0,1
29,1,1,28.829058944252495,54.08132664052492,0,5,0,1
30,0,2,35.329459908341256,45.993057933656694,0,8,1,1
31,0,1,58.64679463903832,56.83992776458065,1,4,1,1
32,0,1,58.1668148960267,53.060262803897686,1,6,0,1
33,0,2,64.34009930778763,57.742254607262225,1,4,0,1
34,1,1,79.68675052337058,78.2522520423739,1,4,0,1
35,0,3,33.31524902583688,30.60131756107859,0,4,1,0
36,0,3,23.830845526689167,35.231438168978684,0,2,1,0
37,0,3,15.769438685550302,24.08719583636065,0,4,0,0
38,0,2,55.325155255681885,59.37846715906243,1,9,1,1
39,1,1,51.47882994136511,61.4893442104096,1,6,1,1
40,0,2,42.56368978011983,35.67005749581097,0,3,0,1
41,0,2,47.22957477892377,40.24865461188869,0,3,1,0
42,1,1,51.4532636569898,56.975047457182086,0,5,1,1
43,0,1,66.83414971442838,49.33955419745661,1,3,0,1
44,1,2,46.40503015880881,46.80627126425501,0,4,0,1
45,0,1,42.06246675293213,32.574731772322,0,2,0,1
46,0,2,64.40309956742806,55.058215511259185,1,3,1,1
47,1,3,78.12633896696671,72.65495632310542,1,1,0,1
48,0,1,68.06084153131704,66.30440118148175,1,6,0,1
49,1,1,29.729179406710955,51.35100291136091,0,7,0,1
50,0,1,55.77557683192159,46.12299301887582,1,4,1,0
51,1,1,56.85344011941744,68.49205224826964,1,11,0,1
52,0,1,54.57706797670728,46.13553927178661,1,4,1,1
53,1,3,48.49502230189958,59.18621837134445,0,5,1,1
54,1,1,22.390460061858235,44.18554984701046,0,4,0,1
55,0,3,56.47685525400468,51.411469847087155,0,4,1,1
56,0,1,61.90335670297673,40.931999670474475,0,3,0,1
57,0,1,78.43825456187865,47.11957390835567,1,4,1,1
58,0,1,27.79383290970139,32.14425703256785,0,6,1,1
59,1,1,22.206446287886138,35.004247148032526,0,3,0,0
60,0,2,25.8486408911454,29.860268894531632,0,6,1,1
61,0,2,44.653661629182466,41.12863731050728,0,5,1,0
62,0,2,61.586099801308706,34.46302809827121,0,4,1,0
63,0,3,50.56091685381632,48.75641842598071,0,8,1,0
64,1,2,38.70699388115524,52.589010400029444,0,4,0,1
65,1,2,68.66427425901624,67.13366173978842,1,6,1,1
66,0,2,100.0,48.24337078246223,0,7,1,1
67,0,3,48.24678035339265,48.739334184751115,0,4,1,1
68,0,2,65.6857591497019,55.934889449530075,1,5,0,1
69,0,2,37.82985239763585,36.24715555680719,0,6,1,0
70,0,2,73.74384801297141,56.32476842664468,1,2,1,1
71,0,3,50.86401356308401,50.51283427137096,0,6,1,1
72,1,2,45.833094524396884,61.4418212669636,1,7,0,1
73,1,1,76.58664197096066,63.5654898580095,1,2,0,1
74,0,1,22.08569638044602,24.684448801788594,0,2,1,1
75,0,2,59.080104960561926,42.29512770715064,0,1,1,0
76,0,2,26.283829950872875,37.096988233405014,0,5,0,1
77,0,2,31.35852624903492,38.32158425821826,0,2,1,0
78,0,1,37.974593364331504,42.27442975586837,0,4,1,1
79,0,3,51.10707916353292,40.68708960114626,0,4,1,0
80,0,2,43.65354741104521,51.667520281152754,0,7,1,1
81,1,2,27.2593689709768,32.929871698455244,0,4,1,0
82,0,1,67.4699371607857,65.8798074307797,1,9,0,1
83,0,3,79.35348198745268,80.33429613538623,1,11,1,1
84,0,3,68.03184933617929,60.78795402425849,1,7,1,1
85,0,1,67.98338563342887,72.77148917522791,1,9,1,1
86,0,2,52.652398688026196,51.91529494380351,1,3,1,1
87,1,1,54.768166242399644,71.45900457010355,1,8,1,1
88,0,2,58.866182945800595,56.008372132358886,1,4,1,1
89,0,2,37.88701085916411,25.196299747912967,0,2,1,1
90,1,1,39.02003847106593,59.34067953352564,0,8,0,1
91,1,1,71.73188997534155,69.19511159524458,1,7,1,1
92,0,1,51.24172703544749,42.82802374807368,0,1,1,0
93,0,1,10.477175682921171,41.21130740459519,0,7,1,0
94,0,3,16.4713324373601,22.994504374053886,0,6,1,1
95,0,3,43.57660190081387,37.98400409891416,0,4,1,1
96,0,2,31.337877814806944,22.305039419889866,0,3,1,0
97,1,1,56.78861557582151,67.21162358692767,1,8,0,1
98,0,1,53.52106488161527,49.16491081117441,1,6,0,1
99,0,2,56.366573243907425,55.63793274866183,0,6,1,1
100,0,2,64.23547286197174,46.3010861312292,0,5,0,1
101,0,2,42.90289501018899,39.071047604537675,0,3,1,0
102,0,2,69.66222710605032,61.65854031699075,1,7,1,1
103,0,2,58.177395361140384,58.21953563581153,1,7,1,1
104,0,2,41.553412737546395,38.6771285631442,0,5,0,1
105,0,1,74.42343842910662,65.74323505919968,1,3,1,1
106,1,2,37.7523081550713,44.99954915480039,0,6,1,1
107,1,3,32.34636230343151,44.90907010941226,0,4,0,1
108,1,1,35.11080979089458,47.39802760845405,0,4,0,1
109,0,1,36.010413284857506,41.79055396775212,0,7,1,1
110,0,2,72.22900749029824,56.7019405643681,1,2,1,1
111,0,2,35.58373780716202,33.74567362715914,0,4,1,0
112,0,3,44.18219173008912,47.23840261852443,0,3,1,1
113,0,3,47.18911486608979,53.809197778277664,0,8,1,1
114,1,2,44.42402275185771,43.44385987204197,0,2,1,1
115,1,2,41.47198075853353,56.39610223928795,0,6,1,1
116,1,2,16.817021623228538,21.52418613059759,1,2,1,0
117,0,1,63.46819315450504,58.8640437522909,1,5,1,1
118,0,1,84.20214399194411,67.92121314488149,1,5,0,1
119,1,1,73.25348807167872,70.70765482602184,1,5,0,1
120,0,1,63.571865749441656,70.3624802777504,1,7,1,1
121,1,1,37.26020100922967,52.7231951842495,0,3,0,1
122,0,3,59.51738442973137,45.069039976376175,0,3,1,0
123,1,2,51.28694385376036,54.93684652949629,0,1,1,1
124,1,2,78.07798763328046,83.0440588795174,1,9,0,1
125,1,3,58.196398962031466,58.40184992157773,0,5,0,1
126,0,3,75.39688748147915,56.76303121917127,1,2,0,1
127,0,3,20.986821813652824,27.178013094768136,0,4,0,0
128,1,3,66.84250847176457,60.51686017777613,1,3,1,1
129,0,2,46.09499720993834,51.01607560790971,0,5,1,1
130,0,2,59.790004965370976,55.398132567740305,1,8,1,0
131,0,1,55.13255513890766,33.60728749156011,1,4,1,1
132,1,1,55.957970470606504,73.97919842871175,1,6,1,1
133,0,3,30.619011569667933,38.08956808926404,0,6,1,1
134,1,2,65.57035098169705,79.73440203002417,1,10,1,1
135,0,1,46.36966496560742,41.21821592761225,0,5,0,1
136,0,1,19.108402448512706,28.67113125181398,0,4,1,0
137,1,2,56.0272088871199,59.77948245912704,0,3,0,0
138,0,1,49.20970796397962,51.440203630617425,0,5,1,1
139,0,2,57.13074707617952,43.63485549838073,1,3,1,1
140,1,3,37.9852197806415,42.67553043358757,0,2,0,0
141,0,3,45.56756044721752,50.359335848955205,1,4,1,1
142,1,1,57.39786741190461,76.74202038878423,1,8,0,1
143,0,2,30.9044110496881,38.8475653350078,0,3,1,1
144,0,2,33.988797524690256,43.460771575304,0,4,1,1
145,0,2,53.29430111211341,44.486874135381576,0,5,1,1
146,0,3,54.465475299480744,48.418144396227625,1,5,1,1
147,0,2,55.9235782113048,60.51011019472923,1,8,1,1
148,1,2,66.4790363394196,58.23907504342466,1,2,1,1
149,0,2,39.92767293629619,34.97557662538057,0,4,1,1
150,1,1,73.39219152359287,68.57161106710684,1,5,0,1
151,1,2,42.00730521728519,40.35840746271063,0,2,0,0
152,0,1,73.98081773574076,58.52072013595336,1,4,1,1
153,0,2,49.276294348763024,44.15043808301489,0,3,1,0
154,1,2,58.46943585900488,56.298852724939515,1,5,1,1
155,1,2,29.574508125575058,45.57089615762672,0,3,1,0
156,1,1,22.098383372781512,34.6752853722171,0,4,0,1
157,0,3,44.39490526888962,31.10391012145267,0,1,1,0
158,0,1,44.885580098264,33.63579013522178,0,4,1,1
159,0,2,33.829484430820756,33.26756305560811,0,3,1,0
160,0,1,62.533284207197454,53.832758582161745,1,5,1,1
161,0,2,60.420908737511844,59.80431622493852,1,6,1,1
162,0,1,57.603020804360234,49.58470686035863,1,4,0,1
163,1,1,45.9538108262536,58.76138196209992,0,8,1,1
164,0,3,57.384921454418794,56.103795718901914,0,7,1,1
165,1,2,37.11998711603366,48.580491170077174,0,6,0,1
166,0,1,43.60723571301013,45.052240135458455,0,5,1,1
167,0,2,65.38055141908075,61.940586757922006,1,3,1,1
168,0,2,32.11133913906466,35.090526449440105,0,5,1,0
169,0,2,0.8497467739747164,14.940295203252155,1,7,1,1
170,0,3,68.34909100623587,50.98450944841885,1,1,1,1
171,1,2,40.72230271791568,63.49427144715658,0,6,0,1
172,0,1,31.157884205782835,35.12285695815013,0,4,1,0
173,0,2,52.83756739033882,45.92484291177576,0,4,1,0
174,0,3,61.88356785214803,53.1750675275334,0,6,1,1
175,1,2,40.65196586397425,38.446904889478866,0,1,0,1
176,0,2,49.39485476258729,53.82913511538281,0,6,1,1
177,0,1,41.88345310411478,40.871219981751906,0,1,1,0
178,0,2,24.526967114188942,24.78772396947403,0,3,1,1
179,1,2,41.531255550945176,66.00715630386875,0,8,0,1
180,0,2,45.00254568658173,49.98788968175796,0,3,0,0
181,0,1,49.85050582202299,44.616834096690084,0,2,0,1
182,1,1,42.37605651835667,49.90722183410653,0,2,0,1
183,1,2,17.246351309054937,41.131294794585486,1,4,1,1
184,1,1,55.989041856782926,66.97055867999731,1,6,0,1
185,1,2,51.57725715370904,55.03195019717691,0,5,0,0
186,0,1,76.92174970190891,70.21307264277483,1,5,1,1
187,0,2,41.95136975625851,45.7354932755023,0,4,1,1
188,0,2,54.92944126130155,44.25303164532437,0,5,1,1
189,0,2,57.731040319481565,60.86663697226749,1,6,1,1
190,0,3,39.87892318106044,52.79119096536291,0,9,0,0
191,0,2,47.964230971728284,34.04531474442156,0,3,0,1
192,0,2,72.31053150843024,70.10990469343702,1,8,1,1
193,0,1,43.69900363564644,43.17810206281016,0,3,0,1
194,1,2,34.135589787958146,41.56052880061067,0,3,1,0
195,1,1,71.2359304816896,76.25380832685795,1,6,1,1
196,1,2,63.79736998681882,59.28886766651154,1,4,1,1
197,1,1,57.67826089561827,68.96427428301482,0,9,0,1
198,1,1,39.11060114460527,47.69241938391797,0,4,1,1
199,0,1,68.57957893927446,70.9781658074428,1,10,1,1
200,0,1,40.587331874371316,46.3525642294551,0,8,1,1
201,0,1,60.43775086069998,54.059137294471206,1,6,1,1
202,0,3,74.78200373508334,66.99739994981564,1,4,1,1
203,0,2,44.825740960833755,42.446142319139994,0,4,1,1
204,0,2,44.75499870110571,36.678171362212936,0,3,1,0
205,0,1,25.229474430101728,33.11282813320146,0,5,1,1
206,0,1,54.968369011119876,65.7779951438385,1,7,1,1
207,0,2,57.545045308338,43.55516781465156,1,3,1,1
208,0,2,40.02246175117726,37.00761993426468,0,4,0,0
209,0,2,20.139289941376976,14.299921098799379,1,1,1,1
210,0,2,54.79663597496132,48.1762878212937,0,3,0,1
211,0,2,28.979905804054834,32.85794396802866,0,3,1,0
212,0,3,57.6637188709273,60.325595956695864,0,7,1,1
213,0,2,28.563018871689568,41.64748904482966,0,9,1,1
214,0,3,36.98915443723422,47.967251645818784,0,6,1,1
215,0,1,37.8589152051868,52.77532287160662,0,9,1,1
216,0,2,44.53524743449517,41.43582102599516,0,4,1,0
217,0,2,52.98774905532757,48.78639911571279,1,6,0,1
218,0,1,40.210099719016725,41.17696540136501,0,9,0,1
219,0,2,46.886176140194365,46.01754716870545,0,5,1,0
220,0,2,57.5016805877874,61.71969536006081,1,10,1,1
221,0,2,74.3596546473086,58.5825507841381,1,7,1,1
222,1,2,56.20751610787779,66.04748727627049,1,10,0,1
223,0,1,54.671580333262774,43.19857067572557,1,3,0,1
224,0,3,50.98567116432312,55.35419372633925,0,6,1,1
225,0,2,61.797635498540735,53.069536736326626,1,7,1,1
226,0,1,52.59905976621716,47.085819984205436,1,2,1,1
227,0,2,49.65319510072786,45.13198426876742,1,3,1,1
228,0,2,34.11619399010906,43.73504203598836,0,8,1,1
229,0,1,65.04359262799944,64.85802820272845,1,6,1,1
230,0,3,63.20496215484867,61.83007994976353,1,2,1,0
231,1,1,54.798887628489865,59.829376777220816,1,4,0,1
232,0,1,63.85450547602225,59.04391877765961,1,6,1,1
233,0,3,53.54376580055864,49.06178837781256,0,5,1,0
234,0,2,44.40400191263306,52.48147450427915,0,7,1,1
235,1,2,51.817993727718196,52.140406700867196,1,3,0,0
236,0,2,69.76192062388861,60.75828577016886,1,4,1,1
237,1,1,65.43057034802281,69.63106791546473,1,3,1,1
238,0,1,31.855907107810474,30.578876403839924,0,3,1,1
239,1,2,51.92679695222152,54.74772494229745,1,3,0,1
240,0,2,52.42874147154209,50.521037950672195,0,6,1,1
241,1,1,47.36383251317912,49.4858695370284,0,3,0,1
242,0,2,28.491440849971873,29.831453035548776,0,2,0,1
243,0,2,53.547943246548606,55.850112528824035,1,8,1,1
244,0,1,25.566615341309205,30.40251472187896,0,4,1,1
245,0,3,74.96775361321288,54.77935115485726,1,2,0,1
246,0,1,31.76657621988794,43.209083267944735,0,7,1,1
247,0,1,42.09486784917679,40.65405370652544,0,6,1,1
248,0,2,50.969260426364094,47.71336117553214,1,5,1,1
249,0,1,41.00356145062576,53.66578826888987,0,8,1,1
250,1,2,73.60825627247627,76.60316265498086,1,5,0,1
251,1,2,74.56516617338448,74.82576426471437,1,5,1,1
252,1,1,44.21824194964493,46.28852532358658,0,4,1,1
253,0,2,40.537617982228376,34.96130994958928,0,1,1,0
254,0,2,56.56037452030677,50.9160439986227,0,3,1,0
255,0,1,74.5990651840358,62.0857291465537,1,2,1,1
256,0,2,39.83278950249,36.664905940892574,0,4,0,1
257,1,2,68.66425665423442,65.5233761575822,1,4,0,1
258,0,2,32.426795038541286,40.804441008706895,0,5,1,1
259,0,2,79.46200019242804,61.004069994914545,1,4,1,1
260,1,3,55.28983028998236,58.042474638572514,0,2,1,1
261,0,2,53.52816778740872,36.79932167809058,0,3,1,1
262,1,1,66.86378576793076,56.70420556501747,1,2,1,1
263,1,1,35.663366520976886,56.312876058217334,1,7,1,1
264,0,1,69.27961872125793,55.0339755968856,1,3,1,1
265,0,1,27.387822532885888,31.887636331063582,0,3,1,0
266,1,1,50.227832411725196,59.350559092397795,0,4,1,1
267,1,1,42.5870965351182,59.04898993139043,0,6,1,1
268,1,2,76.10947614294359,80.37091710349645,1,5,0,1
269,0,2,43.55672936933104,51.31772343388461,0,7,0,1
270,0,1,28.245376543617475,23.188275660421212,0,6,0,1
271,0,3,56.54001866114528,52.48323045264622,0,6,1,0
272,0,3,33.4210626572727,47.853111787902264,0,2,1,1
273,0,3,49.53169654260846,55.68087530009759,0,11,0,1
274,0,2,80.26632459183548,61.97098007320085,1,1,1,1
275,1,1,63.64091826810595,70.67356560701784,1,6,0,1
276,0,3,64.5850108841942,48.95750276763573,1,5,0,1
277,0,3,77.46612505841718,63.079967989982514,1,4,0,1
278,1,2,33.35518152070098,41.73288346856251,0,7,0,1
279,0,1,38.01259109150197,32.53267785621513,0,6,1,0
280,0,2,25.8309611662546,35.337657903085194,0,4,1,1
281,0,3,37.588012595818874,60.231197917653226,1,4,0,1
282,0,2,33.49487768178229,36.271033421526454,0,2,1,1
283,0,1,47.32921271480239,41.24019101024709,0,2,1,1
284,1,1,61.90202778833568,56.085581466351535,1,3,1,1
285,0,2,50.74345616506766,50.9038584512337,0,5,0,1
286,0,1,80.85309454848817,65.92987880892625,1,7,0,1
287,0,3,41.958340549396866,43.18002249777363,0,5,0,1
288,0,3,42.116085808116665,47.209052718959676,0,6,1,1
289,1,2,17.817135658462124,44.96821883900301,0,5,1,0
290,0,1,42.236854635311275,42.763004264091336,0,6,0,1
291,1,3,37.29497124943078,57.339264552187814,0,7,1,0
292,0,3,43.97702585589246,39.01760387635446,0,4,0,1
293,0,3,81.69962816518994,69.23724720428436,1,4,0,1
294,0,2,34.082361899106125,52.601133370237704,0,5,0,1
295,0,1,47.69565613666481,42.80649184588203,0,6,1,1
296,1,1,48.86663358933051,67.81563718087493,1,3,1,1
297,1,3,42.74810804901363,60.56151896614855,0,7,0,1
298,0,2,57.502345840219185,51.91304731247217,0,7,1,1
299,0,2,39.58226901721099,37.04046136703015,0,3,1,0
300,1,2,52.88561211186534,51.9813339879087,0,5,0,1
301,0,3,44.337307528490506,47.60660265094791,0,6,1,0
302,0,1,60.49198960466396,54.487284012790035,1,4,1,1
303,0,2,52.873873072282386,43.873985803114785,0,4,1,1
304,0,1,44.51218912150205,36.0119742823873,0,2,1,1
305,0,2,53.95471593679844,54.17083868979026,0,7,1,1
306,0,1,60.533405631541335,51.07798780883649,1,5,1,1
307,1,3,29.410857007198,46.790115365418046,0,3,0,1
308,0,2,60.369272539494276,55.97161428975704,1,7,1,0
309,0,1,82.26799302593584,72.63469429305974,1,6,1,1
310,1,2,15.190363006287381,42.31566676328981,0,7,0,1
311,0,1,41.94460565112458,31.719522675251284,0,1,0,0
312,0,3,81.48000323163551,68.83011963440606,1,5,0,1
313,0,3,44.11027312630187,45.681516934128965,0,4,1,0
314,1,2,52.738769022364856,59.0941732860187,1,5,1,0
315,0,3,54.219240437606956,44.0589616975807,0,4,0,0
316,0,3,82.25234389546537,68.25507444161117,1,7,0,1
317,0,2,52.53774285266244,52.099627015963456,0,9,1,1
318,0,2,20.613153970370686,27.82015119341965,0,5,0,0
319,0,1,62.41872722825189,59.191815716828025,1,5,0,1
320,0,3,69.23767837095481,59.528664767660814,1,3,1,1
321,0,1,71.1366986970398,65.2853758755735,1,5,1,1
322,0,2,49.263816686886265,42.435496476908476,0,4,0,1
323,1,2,52.80952857506725,55.83294344647583,1,2,1,0
324,0,1,54.50040294885114,58.20005773132526,1,6,1,1
325,1,1,35.61807757698038,59.74748518457054,0,10,1,1
326,1,2,50.259051962484236,63.44315270300521,0,5,1,1
327,0,2,57.87306854862238,51.42492153442426,1,6,1,1
328,1,2,37.287423243217205,55.61733752676477,0,6,1,0
329,0,3,29.954998014566147,39.99561428869218,0,7,1,1
330,0,1,33.29672514785815,19.76562982381407,0,1,1,0
331,0,3,46.038202514925715,53.709340893868145,0,6,1,1
332,0,3,67.72179173756523,52.45984180063008,1,4,1,0
333,0,1,45.09927988831994,46.403775065454276,0,5,1,1
334,0,3,49.1774846212044,46.43166650009217,0,6,1,1
335,1,2,22.47476109380979,43.61751756983678,0,7,1,1
336,0,3,22.848282546821746,35.02686781262509,1,2,1,1
337,1,2,62.085777991496066,58.05797959637255,1,3,0,1
338,0,1,55.35047277426194,58.40914010210414,1,5,1,1
339,0,1,54.924276789068664,38.690651414049505,1,2,1,1
340,0,1,50.07782013778392,40.86342948618666,0,3,1,0
341,1,2,58.23524994663399,61.63136869166228,1,7,1,1
342,1,1,28.725501298631354,54.4574548711832,0,5,1,1
343,0,2,41.8432789241323,47.46408131811319,0,5,1,1
344,0,2,43.71300939735931,50.4128567106319,0,5,1,1
345,0,3,37.01356473142533,45.31956771269995,0,1,1,0
346,1,2,59.61308108661305,69.74741285365151,1,5,1,1
347,0,2,52.1072609050206,47.29378028683518,0,2,1,0
348,0,2,60.72536547155521,54.36605971857322,1,7,0,1
349,1,3,61.718965333662844,67.75532317514151,0,6,0,1
350,1,2,41.161757284615,49.91335395672158,0,5,1,1
351,0,1,51.6837376168443,46.25460563112074,0,5,1,1
352,0,1,42.165407077817,50.8908112808401,0,5,1,1
353,0,2,64.55955650761639,57.51733186814791,1,4,1,1
354,0,2,38.00612598569718,39.979836004562344,0,5,0,0
355,0,2,55.94198637129636,55.59603541180872,1,6,1,1
356,0,2,55.00993078872287,49.73701220636444,0,4,1,1
357,0,2,56.16859646266813,59.88570404088631,1,7,1,1
358,0,1,40.032180562994135,51.43120308550428,0,6,1,0
359,1,2,62.70948677334025,71.53576645374281,1,7,1,1
360,1,3,25.179528663261156,50.06037021361732,0,10,1,0
361,1,1,41.673151411455365,49.36297871717381,0,3,0,1
362,1,2,41.359482888194684,62.860057935613,0,6,0,0
363,1,2,43.567454563822956,64.03979434018936,0,6,0,1
364,0,2,47.98986825570103,46.61422693649584,0,5,0,1
365,1,1,51.18506295146581,71.51878134342853,0,9,0,1
366,0,2,53.13255657766936,60.266767383904956,0,8,1,1
367,0,1,65.23531937784925,51.85834250227638,1,4,1,1
368,1,2,27.37290465975811,44.943911259164594,0,5,0,0
369,1,2,53.576204281922614,53.636324788272645,0,3,1,0
370,0,2,57.64791437924489,51.882770902071286,1,9,1,1
371,1,1,42.89009294757795,53.18943483434699,0,6,0,1
372,0,2,47.34141656223362,45.8125098423885,0,5,1,0
373,0,1,30.254205946963936,34.23072138319436,0,3,1,0
374,1,2,71.43542996045201,59.13471893086426,1,3,0,1
375,0,3,58.84054706390951,66.91712943990939,1,12,1,1
376,0,2,65.74084996750412,63.26695839650801,1,8,1,1
377,0,1,46.66744382977739,62.11165396892678,0,8,0,1
378,0,2,74.70035716046685,65.99422799818883,1,6,0,1
379,0,1,62.68436725620167,62.3201308565385,1,8,1,1
380,0,2,43.84071386713916,39.726661907484626,0,9,1,1
381,0,2,29.435078802701263,34.471664192129445,0,6,1,0
382,0,3,32.20829185485681,30.58565638781494,0,3,1,1
383,0,1,71.03732121642734,51.26298297413463,1,5,1,1
384,0,2,47.604880703722195,46.108999446136686,0,5,0,1
385,0,2,53.47752455529,59.59629426096559,0,8,1,1
386,0,2,52.516305284627705,49.783464545269396,0,1,1,0
387,0,2,47.956575389573636,50.294446730354785,0,5,1,1
388,0,2,56.41187632100137,51.084764675371865,1,7,1,0
389,0,3,36.47409829581232,45.5783644828354,1,6,0,0
390,0,2,47.30300187905336,44.67718131823443,0,5,1,1
391,0,1,48.19961543674802,34.97590046233071,0,5,1,0
392,1,2,55.701783191016624,61.487867317939546,1,7,0,1
393,1,1,61.170686854437626,68.67974896402845,1,6,1,1
394,0,2,69.58193079213606,48.417598380269354,1,4,0,1
395,1,2,72.29537842873022,70.55307810006796,1,8,0,1
396,0,2,38.14940240509317,30.124210155940307,0,2,1,0
397,0,2,56.71930000862962,50.82029238905782,1,3,1,1
398,0,1,71.4213296572119,62.575530645107115,1,4,1,1
399,0,2,51.775807577106434,52.17196215978832,0,6,0,1
400,0,2,48.51782686020123,40.628846709443486,0,4,0,1
401,1,1,47.79704599194941,51.23601673017179,0,1,1,1
402,0,2,39.34104629203243,46.79266744247057,0,9,1,1
403,0,2,52.166233461944266,45.91306087017321,0,6,1,1
404,0,2,27.600270481479402,31.439995822195336,0,5,1,0
405,1,1,67.91354474725345,69.87384629328268,1,6,0,1
406,1,2,69.4305102169606,73.06615738592589,1,7,0,1
407,0,1,38.27572657465372,42.68996437668759,0,6,1,1
408,1,3,62.24012427177887,73.39386136597003,1,8,1,1
409,0,2,78.83167208637045,67.88773563992889,1,6,1,1
410,0,3,45.92209983857854,41.54957007184877,0,6,1,0
411,1,2,47.92656212239,61.66823634112126,0,3,0,1
412,0,1,44.61374184666603,52.85099724066176,0,8,1,1
413,1,2,65.31334035352893,60.76076362702212,1,2,0,1
414,0,3,50.443492813678766,50.199096233056935,0,6,0,0
415,0,3,54.54544582445964,41.35488839512855,0,3,1,0
416,1,2,30.442512133054226,39.76260829410933,0,4,1,0
417,0,1,58.72062891356927,60.00447409162294,0,9,0,1
418,1,1,69.82863133891192,65.62405814939989,1,4,0,1
419,0,1,49.05944241006955,56.067095250006474,0,8,0,1
420,1,2,32.67440773986775,46.723394096052544,0,5,1,1
421,1,3,79.12733441366915,82.17594043499912,1,7,0,1
422,0,2,33.74750562870287,35.90478782807202,0,4,1,0
423,0,2,60.7623476973795,54.59180196753227,1,6,0,1
424,0,2,50.56180451410919,53.26351917239489,0,6,1,1
425,0,3,69.28899291257609,56.45049113021066,1,4,1,1
426,0,3,61.26977556517131,68.89359207998471,1,5,1,1
427,0,2,67.65826895679936,62.914852727627974,1,7,1,1
428,0,1,54.402142621906286,48.86335118944542,1,1,1,1
429,0,2,43.742573680346624,34.09103415728932,0,4,1,0
430,1,1,40.33544179191222,49.06565894294875,0,5,1,1
431,0,2,58.94687046859479,51.19498133927816,0,4,1,0
432,1,1,72.38038435301374,77.8320224662937,1,9,0,1
433,0,3,64.04019908627778,61.81532075732539,0,6,1,1
434,1,2,33.09727028241515,46.00638347521903,0,4,0,0
435,0,2,49.296662161388745,52.73922969680766,0,8,0,1
436,1,3,50.636830103990896,57.150389014704594,0,4,0,1
437,0,2,38.08463218429598,31.18392269958197,0,3,1,0
438,0,3,40.7461989689852,45.94141815250958,0,6,0,1
439,0,1,63.17860085024875,57.014431884093185,1,3,1,1
440,1,3,46.47488081547564,57.13380071346522,0,4,0,0
441,0,3,50.24073098533114,43.92423674665866,0,4,1,1
442,0,2,54.88645789997893,53.504879099594845,1,8,1,1
443,1,3,33.17377994899141,46.07858567254392,0,5,1,1
444,0,2,42.590661262052336,37.59446136986381,0,6,0,0
445,1,1,75.42066359267307,70.20378435419734,1,3,1,1
446,0,1,57.78825465552916,52.44632777243822,1,3,1,1
447,1,2,37.73148731470635,42.56129831041177,0,6,0,0
448,0,2,77.10479970832804,56.49203235352991,1,5,1,1
449,0,2,47.70083729835841,39.426125263762664,0,1,1,1
450,0,3,46.02771435910258,46.74505464727544,0,2,1,1
451,0,1,12.003635411758731,26.079228674244213,0,9,0,1
452,1,2,47.51635863401739,56.733316367025346,0,7,1,1
453,1,2,38.763149801231584,45.266249259412106,0,4,1,1
454,0,2,36.023881765630826,33.336068346254294,1,4,0,1
455,0,2,34.8076104507727,44.20606670692656,0,10,1,1
456,1,3,21.800057355669008,43.519829831806064,0,8,0,1
457,0,2,42.43347067537748,35.82797184190909,0,6,1,1
458,0,1,78.84290760634056,63.84803190479002,1,5,1,1
459,0,2,55.3595501695232,52.51384262839907,0,6,1,1
460,1,3,39.26473240837045,54.048680200563055,0,4,0,1
461,0,2,50.617268722755014,50.32041177862824,1,6,1,1
462,1,1,55.65755278268942,62.96257489852015,0,8,1,1
463,0,1,39.85205859948743,38.81460090485703,0,4,1,1
464,0,3,58.66410218725342,54.43634972349826,0,6,0,1
465,1,2,56.422832514354496,71.93575664294492,1,8,1,1
466,1,1,78.73608127544034,83.73914759470924,1,11,0,1
467,0,2,39.984342181321956,38.453517341734894,0,3,0,0
468,1,2,38.63031351647931,49.2377705919145,0,6,0,0
469,0,2,38.53347118082196,34.1666007363824,0,3,0,1
470,0,3,41.26411571700479,42.332169784753845,0,5,1,1
471,0,2,61.289906405486256,56.17430706314045,1,7,1,1
472,1,1,1.318041074229896,53.593469725436265,0,4,0,0
473,0,2,57.32958073136007,52.20565610852895,0,4,0,1
474,0,1,34.14303948764479,33.01475185287995,0,4,1,1
475,0,3,53.38339164674235,50.58825303193656,0,8,1,1
476,0,2,43.63748523712865,38.979472188473984,0,3,1,0
477,0,2,22.823748588970222,32.45537207641743,0,9,1,1
478,0,2,60.39243977067899,45.71523373339874,1,3,0,1
479,0,2,100.0,72.22192075273827,1,8,1,1
480,0,2,43.62872574034512,40.19594390442036,0,2,0,0
481,0,2,50.235556490535544,45.731053794305794,0,7,1,1
482,0,1,60.922447432104455,48.786180590960534,1,3,1,1
483,0,2,63.58154790795466,54.32228578601836,1,4,1,1
484,0,2,67.73177411034087,56.96791757160517,1,3,1,1
485,0,1,62.05432850054209,59.701448902954596,1,7,1,1
486,1,1,44.730041028287566,48.93982544219846,0,4,1,0
487,0,1,54.52733823218917,49.81866075201246,1,5,1,1
488,0,3,26.90267969421624,35.95550092480992,0,5,1,0
489,0,2,46.18847250916982,41.557526801197255,0,5,1,0
490,0,1,68.29555288549216,58.278145020428596,1,4,0,1
491,1,2,33.25341659998665,55.54372596719719,0,5,1,0
492,1,1,53.50828305135978,64.20119916963039,1,6,0,1
493,0,1,40.51158230321319,39.84440504008176,0,6,1,1
494,0,1,31.53697739324365,30.229756333589645,0,3,1,1
495,0,3,51.687293687015874,57.74990797732138,0,8,1,1
496,0,2,52.092963925728355,53.275303912833394,0,7,1,1
497,1,1,42.9408429736021,50.23305559684183,0,5,0,1
498,0,2,56.08772473330109,45.72456557042543,0,4,1,1
499,0,2,55.3417439464354,47.78080012677978,1,1,1,1
500,1,1,57.79874036862636,66.25486355399987,1,6,1,1
501,0,1,41.146360833254974,38.92908880579201,0,7,0,1
502,0,1,41.10935849902302,41.415765080047755,0,3,1,1
503,0,3,34.32547718652383,43.31031314539184,0,8,1,0
504,0,1,46.72963114759825,42.12161781601425,0,3,1,1
505,1,1,54.725404661355945,62.371527598179064,1,3,1,1
506,0,2,48.721951478786316,45.21555187128426,0,3,1,1
507,0,2,73.34287102891304,71.16363297581047,1,6,1,1
508,1,2,41.93054452856656,49.92099851894011,0,4,0,0
509,0,1,45.32479744393582,49.58382761602984,0,6,1,1
510,0,2,46.404911588583914,43.07852681609081,0,5,1,1
511,0,1,54.48629728699465,53.75474253766433,0,8,1,1
512,0,2,51.013553320730665,44.057348052753106,0,3,0,0
513,1,2,56.12060408331276,56.4445079387946,1,4,0,1
514,1,2,60.74925655065885,79.59326131233091,1,9,0,1
515,0,2,50.95080658299644,46.518670221387474,0,5,1,1
516,0,3,68.08989792238157,59.94374750470605,1,4,1,1
517,0,1,55.97719522189837,57.70068276824418,0,4,1,1
518,0,2,22.287302002458134,20.718342436697576,0,6,0,0
519,0,1,36.69675452062368,34.21646410916219,0,2,1,1
520,0,2,37.27474854529223,35.96172670049435,0,7,1,0
521,0,2,39.45106605188566,38.20769648004191,0,2,0,1
522,1,3,34.1673932227923,47.780104448066574,1,2,0,1
523,0,1,36.488353883940206,31.643376397628057,0,2,1,1
524,0,2,58.02204920997494,55.15436758982857,1,6,1,1
525,0,1,21.78476847809206,22.03075268691418,1,6,1,1
526,0,2,64.67608173678856,53.12838220667612,1,7,1,1
527,0,2,61.53088347582718,59.717375275582505,1,7,0,1
528,0,1,35.43332971539991,39.01382440429034,0,4,0,1
529,0,2,48.6200583853274,53.01713065994629,0,10,0,1
530,0,1,52.543642246552366,56.00010987795805,1,3,0,1
531,1,2,31.902508048234456,42.05900033676203,0,4,0,1
532,0,2,61.211431011296725,46.31686004237995,1,6,0,1
533,0,3,32.77250106456919,45.29445351406404,0,9,1,0
534,1,3,39.98330810356079,48.6566065213608,0,3,1,0
535,0,2,42.0588112569504,37.93048901771427,0,6,1,1
536,0,2,43.9300936924232,42.54961827383728,0,1,0,1
537,1,2,49.336418593456656,65.41674306243364,1,5,0,1
538,0,3,61.00133883868336,60.33166601398641,1,6,1,1
539,0,2,67.84409593495714,55.24678287799691,1,3,1,1
540,1,2,24.832869946417095,40.86886561221847,0,5,1,0
541,0,1,55.461194150794036,55.679473112613614,1,6,0,1
542,0,2,31.82649591090713,50.67563319210019,0,11,0,0
543,0,2,25.716038484556893,28.148346499692337,0,6,0,1
544,1,1,58.49034718447564,59.31825256371205,1,5,0,1
545,0,3,55.612119574458276,44.35258378418743,0,1,0,0
546,0,2,70.40495564714453,65.23216107241348,1,5,0,1
547,0,3,38.859082308344895,41.59954246121286,1,7,1,1
548,0,1,45.96136620010236,51.172854960872506,0,5,1,1
549,0,2,76.22547619103301,57.94186172284061,1,1,0,1
550,1,3,45.904546639102776,49.62824992155607,0,4,1,1
551,0,2,31.71566673043474,26.525230026598877,0,3,0,0
552,0,2,45.10720608057358,58.98583152281729,0,11,1,0
553,0,1,25.876544665587822,47.74372602324254,0,5,1,0
554,0,2,26.213085101593744,26.933723585998322,0,5,0,0
555,1,2,37.19804689663585,55.54309740788514,0,6,0,1
556,1,2,81.82118564837491,84.64084045207746,1,7,0,1
557,1,1,27.542343758704416,37.66836404805442,0,2,0,1
558,0,2,52.311677618615384,50.16058911522659,1,6,0,1
559,0,3,71.37297093705385,74.21853448657025,1,10,1,1
560,1,1,65.74909103446659,61.66175066103592,1,3,1,1
561,1,2,23.60435409623902,37.87609223365323,0,2,1,1
562,0,2,51.62155384091871,48.93554913503391,0,4,1,1
563,0,1,50.8958766109215,41.95118567398535,0,4,1,0
564,0,1,43.83504115856256,38.01656717633054,0,3,0,1
565,1,2,51.21605742253565,50.73837951360691,0,3,0,1
566,1,2,29.643118797685883,33.29489405317633,0,3,0,0
567,0,2,50.57955631535691,45.680526954536994,0,6,1,1
568,0,1,45.38124287585085,43.178365883108256,1,6,0,1
569,0,2,50.48410116522098,40.83789110258138,0,4,1,0
570,0,1,66.48863339736002,56.84182477533167,1,5,0,1
571,0,3,65.98868062604856,46.563824782359525,1,4,1,1
572,0,2,55.74105250282707,44.412674435041325,0,2,1,1
573,0,1,46.745251994989275,41.34642499439793,0,4,1,1
574,0,3,54.45187945549252,40.2165403374376,0,4,1,0
575,0,2,23.79605539111258,46.709908535885404,0,7,0,1
576,0,2,60.31665889031302,43.933338176510375,0,9,1,1
577,1,1,57.654351411012996,69.249277538176,1,7,0,1
578,1,3,39.35714413313587,49.073087800396294,0,7,0,1
579,1,1,20.295098816905117,37.15482685751571,0,2,1,0
580,1,2,45.065025190755115,54.02293410718839,0,5,0,1
581,0,1,80.85675804862798,64.81448542372094,1,7,1,1
582,0,3,46.74901321255639,48.73067740521074,0,5,1,1
583,0,2,53.62046180597897,70.76179703852665,1,12,0,1
584,0,2,47.424448594618006,39.40821018556132,0,4,0,1
585,0,1,69.76275077326572,61.27160989312065,1,4,1,1
586,0,1,22.53368330528573,35.30939293219061,0,5,1,0
587,0,2,47.50319383174644,46.00963728154502,0,8,1,1
588,0,1,40.49896129279575,47.070475915712365,0,4,1,1
589,0,1,73.75247930355398,68.52934425574384,1,6,1,1
590,0,2,55.869068124718154,50.80552563726594,1,4,1,1
591,1,2,33.437513412214095,44.61485411239802,0,3,0,0
592,0,1,47.835375355994564,41.32312542399269,0,2,1,0
593,1,1,28.245485032377502,43.414599330719724,0,6,1,0
594,1,3,56.71988281870564,59.1331793547079,0,3,0,0
595,1,1,33.58237610218224,47.80186883850896,0,5,1,1
596,0,2,39.32192595472794,38.04889495300736,0,3,1,1
597,0,1,80.75349972915997,83.61251879415094,1,7,1,1
598,0,2,32.986424611373984,25.44200126855131,0,3,1,0
599,1,2,53.16749471028921,48.27695409651428,0,5,0,1
600,0,1,53.209443881638464,47.3180243909129,1,2,1,1
601,0,3,36.339116129706596,33.64190661192083,0,5,0,1
602,0,2,48.30645597623992,38.847296403527494,0,3,1,1
603,0,2,51.41750024909457,49.03682977506436,0,5,1,1
604,0,1,51.963226854465674,52.03684877432728,0,5,1,1
605,0,1,49.03022821042846,49.139627950966926,0,6,1,1
606,0,1,46.938098729263565,39.2671119667127,0,5,1,0
607,0,2,40.78352159325544,32.051941582518175,0,1,0,0
608,0,2,20.698957008246037,29.088375295293407,0,6,1,0
609,0,2,45.31945208070654,41.58417843061174,0,2,0,1
610,1,2,67.78941035626154,71.7774788701645,1,8,1,1
611,1,2,41.83494945520044,51.075120946505116,0,5,1,0
612,0,2,33.57245106200888,43.943664567831256,0,5,1,0
613,0,2,41.40367918415683,33.95172752064839,0,6,0,1
614,0,3,37.9453305363531,42.207639894027814,0,7,0,0
615,0,3,18.226884750168317,24.215232056141307,0,8,0,1
616,1,1,9.300187290076627,27.217781618400473,0,2,0,0
617,0,2,65.0399013622507,60.725726035016926,1,2,0,1
618,0,1,25.818160488895018,43.71867218139503,0,10,1,1
619,0,1,39.26274628309194,41.03461954304743,0,4,1,1
620,0,2,40.13994479720212,44.54806616867509,0,8,1,0
621,0,2,46.940345402015126,44.87014497419662,0,8,1,1
622,0,2,41.72775371152939,43.72184789737764,0,3,1,1
623,0,1,42.492414839184775,39.765614857154105,0,6,1,1
624,1,2,58.30889369472738,67.39062407520883,1,3,1,1
625,1,1,70.44227063181735,51.93604044504794,1,2,0,1
626,1,3,32.410781231996395,42.49136803264218,0,6,0,1
627,0,1,25.271548386920728,22.685076319328473,1,1,1,1
628,0,2,43.50345539506975,51.01815232518451,0,5,1,1
629,0,3,27.988837633577877,36.8008896770938,0,7,1,0
630,1,2,36.024054409409516,49.93921425320085,0,4,0,1
631,0,2,56.83603610797378,48.65331383904054,1,5,1,0
632,0,2,50.347426297102935,50.55156356312593,0,4,0,1
633,0,2,59.871101206439334,56.942334337782384,1,6,0,1
634,0,3,19.592081669373464,32.122588304009675,0,3,0,0
635,0,2,34.975303305340745,37.42413124741403,0,5,1,1
636,0,1,51.055724833187426,43.05384312946895,0,6,1,1
637,1,1,35.140309714811195,37.61198728991467,0,3,0,0
638,0,1,50.61262842569282,60.284537783042154,0,6,0,1
639,1,3,61.959645757261825,53.20075931136422,0,4,1,1
640,1,2,43.53978903010429,55.538554422410655,0,5,0,1
641,1,2,45.551931232755,62.32630610790178,0,8,0,1
642,0,2,98.5031383894477,47.08320524467152,0,5,1,1
643,0,2,76.48172691613486,66.71873533729276,1,9,1,1
644,0,2,31.11821177234723,49.47026027325855,0,7,1,0
645,0,3,40.80997485441477,39.33243849240964,0,6,0,0
646,1,1,47.068258925849115,55.200867703705825,0,3,1,1
647,0,2,62.51211331903872,62.56710999608165,1,6,0,1
648,0,3,55.42561122332956,60.135446375718445,0,5,0,1
649,0,3,46.98201502756167,60.21213104900125,0,9,1,0
650,0,1,56.10014553347515,50.120514736218276,1,6,0,1
651,0,2,43.48555070439672,41.68143667952889,0,7,1,1
652,0,1,50.192587907140265,53.594428287888796,0,6,1,0
653,0,1,52.947956436217886,49.09123007158689,0,8,1,1
654,0,2,49.01194742087217,35.854054473916314,0,3,1,1
655,0,3,55.20587188191764,51.990058837972775,0,5,0,1
656,0,2,55.78904111838466,43.6726214446856,1,4,1,1
657,1,1,61.14037691360018,72.60543335534848,1,7,1,1
658,0,2,65.33062774434218,52.52293745063079,1,4,0,1
659,0,1,61.66239288334642,45.48563671541888,1,0,1,1
660,1,1,17.19410754800797,26.879353281414534,0,3,1,0
661,0,2,80.17568487108139,73.46765818074117,1,6,1,1
662,0,2,45.73767010131317,50.4382556446832,0,6,1,1
663,0,2,53.806702142840784,58.0250474742559,0,7,0,1
664,1,2,67.89926713895703,69.74533828830614,1,4,1,1
665,0,2,29.16263338407178,38.19215553691327,0,7,1,0
666,0,1,22.979339743270216,24.734242634714978,0,7,0,0
667,0,3,51.93004009812611,46.64207296307056,0,4,0,1
668,0,3,34.59307910904048,42.66803833140757,0,7,0,0
669,0,3,62.35901676018414,50.89274162883801,0,3,0,1
670,0,2,53.976590113567894,60.97301911664591,1,9,1,1
671,0,2,37.083155052070374,55.0970507656747,0,10,1,1
672,1,3,81.80925156720633,80.65102951222491,1,6,1,1
673,1,2,13.190627748340901,26.61454925880458,0,5,0,0
674,0,3,33.715052004683315,44.687971682457245,0,7,1,1
675,0,1,54.446471270214666,39.26365409119793,0,2,1,1
676,0,3,42.75056163642819,44.5355035507194,0,8,0,1
677,0,3,47.43690056896366,52.39171582832444,0,9,1,1
678,0,2,52.19249422705276,43.06978801880481,0,3,1,1
679,0,3,71.84471238377765,62.61903152558912,1,5,1,1
680,1,2,55.848347299073616,61.29721863488907,1,3,1,1
681,0,2,44.41634509157758,40.59423920459101,0,6,1,1
682,1,1,46.85428332637358,58.4275712955042,0,4,0,1
683,1,1,47.37996437577089,64.25714138051234,0,7,1,1
684,0,1,30.839298724795714,45.567637648194314,0,7,0,1
685,0,2,26.31055903769242,40.69573589292824,0,8,0,1
686,1,2,24.91952047526438,59.02715865398712,0,11,1,0
687,0,2,62.19772472907381,56.37152590667458,1,4,0,1
688,0,2,57.7756720292121,48.74516340303818,0,5,0,1
689,1,2,1.8077644025110766,25.688172593846097,0,6,0,1
690,1,2,53.35472128000849,52.25419679003488,0,6,1,0
691,1,2,42.50541045956375,50.046714871546506,0,5,0,1
692,0,2,68.92717305729772,72.58217251222025,1,10,1,1
693,0,1,25.760302064616024,43.88866915358136,0,6,1,1
694,1,2,54.26110866402274,52.634545076970696,1,6,0,1
695,1,3,27.10823220801634,37.9703381345062,0,6,0,0
696,0,1,51.32451297757703,61.71681431604985,0,8,1,1
697,0,1,34.203419807446,36.124428901839316,0,4,1,0
698,0,2,75.07024485583912,60.267650477998494,1,4,0,1
699,1,1,43.91305257897695,55.222690213127876,0,4,0,1
700,0,2,71.99420914521828,72.72378647749647,1,8,1,1
701,0,2,55.652935018266255,47.77031019783003,1,5,1,0
702,0,2,64.96998449427544,52.283625666332505,1,2,1,1
703,1,2,53.35312165565256,56.1837315757743,0,5,1,1
704,0,2,52.152773724156866,41.83479019990189,0,2,1,0
705,1,2,61.53608202100019,68.7444160299755,1,7,0,1
706,0,2,41.94550798325913,44.53167118109119,0,4,1,0
707,0,1,47.943354377389575,37.88141885260001,0,3,0,0
708,1,2,12.412465941464779,41.787519936856484,0,5,0,0
709,0,1,64.34063309100817,52.96722382941247,1,1,1,1
710,1,2,51.28622360460892,70.49584846228238,0,12,1,1
711,0,1,61.68706753734408,52.44518812849579,1,2,0,1
712,1,2,43.90849754729755,48.9119152295859,0,3,1,1
713,0,2,58.58868200609489,54.41410148376221,1,4,1,1
714,0,2,83.44704829544114,63.56247695099175,1,3,1,1
715,1,1,34.49109344519037,56.90748400466883,0,10,1,1
716,0,1,40.955803946733084,37.07152276121718,0,6,0,1
717,0,1,67.49755854377969,64.78713805651898,1,7,1,1
718,1,1,51.8245841633313,45.75468753341523,1,1,0,1
719,0,2,52.67073128948351,42.862952380228826,0,3,1,1
720,0,3,40.68285522520868,42.31096680907937,0,5,1,0
721,1,2,63.33954343358557,61.67348621536749,1,4,0,1
722,0,1,53.150924255061824,42.466998592003634,0,2,1,1
723,0,1,44.90990403767306,45.969947214594654,0,7,1,0
724,1,1,35.748360060291894,37.07855572651654,0,3,1,0
725,0,3,43.60236776061028,44.45605692221792,0,5,0,1
726,0,1,66.06192984785062,65.32231007131196,1,6,1,1
727,1,2,37.30272727199216,46.47774147484696,1,6,0,1
728,1,2,42.88870516420257,45.95388351111043,0,3,1,1
729,0,2,59.84819853625673,52.14958269431029,1,3,1,1
730,0,1,36.46210938302721,37.13003918959948,0,6,1,1
731,0,3,61.88188759315909,54.892539262142314,1,4,1,1
732,0,1,49.74400242165957,44.50318812273054,0,4,1,1
733,0,2,36.97859517036781,29.716729328744083,0,5,1,0
734,0,1,42.87347493208371,52.26392120365302,0,7,1,1
735,0,3,41.668983069705526,37.89838773457955,0,5,1,0
736,0,2,58.299331996667306,60.945822850948026,1,6,1,1
737,0,1,65.65847033344198,64.9177446537443,1,6,1,1
738,0,1,37.13159232167965,51.982220248147314,0,8,0,1
739,0,2,66.18155357776867,52.06176903341619,1,2,0,1
740,1,3,42.064107973649,54.28420477420467,0,8,1,1
741,0,3,32.81558718725469,37.66866884930567,0,4,1,0
742,0,2,33.88996303475764,34.261756494111964,0,4,1,0
743,1,1,44.016546714654595,46.909153302829715,0,3,1,0
744,0,2,14.878523105108258,19.955162514474534,0,6,0,1
745,0,3,32.85154121428952,37.85041203044268,0,4,1,1
746,1,2,39.225761706515044,41.67968714192634,0,5,0,0
747,1,2,56.75576139965105,60.98022232051926,1,3,0,1
748,1,3,41.026311719988136,51.23262273161606,0,4,1,0
749,0,2,59.90802952754202,63.02350967035659,1,8,1,1
750,0,3,23.634571911013204,27.630463444520142,0,3,0,1
751,0,1,42.08847442264048,52.24966148951061,0,8,0,1
752,0,1,32.23356995727063,38.625652440155044,0,5,1,0
753,0,2,63.188025323532734,56.86361628527848,1,6,1,1
754,1,2,41.660651686849036,52.144067385907626,0,6,1,0
755,0,1,59.59517131578645,73.0188802532632,1,16,1,1
756,0,1,33.28837593438441,32.67183371311554,0,4,1,1
757,0,1,55.21619487332525,54.685814118537316,1,7,1,1
758,0,1,67.84252747942575,67.45357210503497,1,6,1,1
759,1,2,74.64538397791542,67.51168540960802,1,2,1,1
760,0,2,44.63804229535817,39.705139502742455,0,2,1,1
761,1,1,40.54631082491613,45.913682650421144,0,5,0,1
762,0,3,30.886540301208253,43.454888395701666,0,7,1,0
763,0,2,62.648968832538564,46.94591440997944,1,3,0,1
764,1,1,41.067025863761,44.48212486045816,0,3,1,1
765,0,1,54.32825048427885,45.858965934362864,0,2,1,0
766,0,1,22.030145709428325,22.995718700242808,0,2,0,0
767,0,1,62.24255400029883,55.15066618467852,1,3,1,0
768,0,1,29.731583360074676,26.931153263176917,0,4,1,0
769,0,3,57.807193335167845,47.101935686089924,0,4,0,1
770,1,1,38.28542577789166,42.389355278595744,0,2,0,1
771,0,2,62.24814233950283,48.970931368618594,1,3,1,1
772,0,1,32.088761825075565,40.27625467836815,0,7,1,1
773,0,1,43.381218031300676,49.20067436853795,0,5,0,1
774,0,2,68.71923059891299,59.174522208214164,1,8,1,1
775,0,1,71.78022665225305,53.2280871698569,1,0,1,1
776,0,1,65.65465359192025,53.82944033726331,1,5,0,1
777,1,1,45.88604180736296,51.45223518525619,0,5,1,1
778,0,1,48.76490839057851,55.06247864773178,0,5,1,1
779,0,2,55.29958049817947,50.48424206771635,0,4,0,1
780,0,3,60.5442434007043,62.974372993687474,0,8,1,1
781,0,1,55.56675483237673,45.98351487679961,1,5,1,1
782,1,1,53.32631807245719,57.95932757012002,0,7,0,1
783,1,3,0.0,67.42933440284703,1,5,1,1
784,1,1,39.16736170993442,64.92538228303951,0,9,0,1
785,0,2,58.36278757776623,50.52771269858311,1,3,1,1
786,0,1,46.17181400051205,49.65270961437918,0,5,1,0
787,0,3,42.96521910518965,57.739999420500645,0,5,1,1
788,1,1,38.13111010084783,51.12286762349336,0,7,1,1
789,0,2,57.25998384335781,48.530720359830575,1,2,1,1
790,1,3,73.80673764985107,63.63456867327606,1,2,0,1
791,0,2,66.67543009647305,62.028798289572215,1,4,1,1
792,1,1,76.84068037708046,64.19737062983137,1,3,1,1
793,0,1,64.68423479838043,55.80896641004365,1,4,1,1
794,1,2,54.97517791948104,60.720941851629405,1,3,1,1
795,0,2,22.994475703285474,34.78561739235562,0,6,1,1
796,1,2,46.18612066768515,56.28658826031732,0,5,0,1
797,0,2,56.68073170795745,48.56593677272845,1,6,1,1
798,1,1,36.025598055135916,47.20660841728792,0,4,1,1
799,0,1,23.93217679350575,55.72405769645342,0,8,1,1
800,0,2,56.106395105669975,50.67677532500261,0,5,1,1
801,0,1,76.44562715762373,64.77396854049286,1,1,1,1
802,0,1,45.40936229395985,38.547340829497045,0,3,1,0
803,0,1,37.57199706023712,50.677294368939066,0,7,1,0
804,0,1,42.33456192975022,52.90654455199482,0,11,1,1
805,0,2,34.26225145190715,37.487948299134196,0,4,1,1
806,0,2,58.8873788710587,55.15760666527582,1,7,1,1
807,1,2,51.38462682600891,58.666038647224404,1,3,1,1
808,0,2,50.55284416494428,53.49073192367791,0,11,1,1
809,0,2,56.98270575294356,45.44465509518927,1,1,1,1
810,0,1,63.44630479591189,53.69426747698449,1,7,1,1
811,0,2,54.00048980815173,49.43362642200861,1,6,1,1
812,1,1,51.59669288440543,55.431914346608906,0,3,0,1
813,0,2,16.518284391215687,21.129329116831887,0,3,1,0
814,1,1,58.323050771110154,62.81687382980575,1,3,0,1
815,0,2,76.2748620805702,64.36883115821917,1,5,1,1
816,0,1,49.808501714636954,45.118914173242366,0,4,0,1
817,1,2,44.21916974434197,50.69561167740773,0,2,1,1
818,0,1,41.163868756621525,35.41334033026075,0,5,1,0
819,0,2,43.038341009954515,36.58523207969723,0,3,0,1
820,0,2,44.10063946681143,46.65044817986549,0,6,0,1
821,0,3,55.24485192928511,44.1542162492791,0,3,1,1
822,0,1,41.53283103085092,50.227265237193926,0,8,1,1
823,1,1,47.94835694547614,56.31441970455636,0,5,1,1
824,1,1,25.372743276720236,43.65181680730221,0,6,1,1
825,0,1,36.327835689208015,38.3078503733832,0,5,0,0
826,0,2,48.485325194193756,43.70606025274514,0,4,0,1
827,0,1,49.25763973809682,50.41807930755743,0,8,0,1
828,0,1,48.10107501531938,52.38902065713086,0,5,1,0
829,0,2,62.68390466214357,50.09107772608679,1,3,1,1
830,1,2,63.01786990658678,71.42533475877636,1,7,1,1
831,0,1,78.57969720156706,64.17360157538849,1,8,1,1
832,0,3,62.42227720063749,49.98671691741068,1,4,1,1
833,0,1,29.836179586141277,25.934049361803524,0,7,1,0
834,1,1,61.21677273373699,60.89797499182237,1,3,1,1
835,0,2,28.691935981328793,28.251039538989083,0,5,1,0
836,0,2,53.87203892192234,44.971767087176474,0,3,1,1
837,0,2,54.97352961023476,50.38290931414327,1,6,0,1
838,0,2,63.99691256384738,56.581892433601304,1,5,1,1
839,0,1,47.81720825483825,46.7747029894169,0,7,1,0
840,0,2,42.394408701912354,38.86492317511173,0,6,1,1
841,0,2,54.552031588417265,63.52090272569163,0,9,0,1
842,1,2,63.81740639906423,74.97208548216021,1,8,1,1
843,0,2,31.03113562555808,19.952699773884213,0,0,1,0
844,0,2,63.798543176550375,47.68658620451477,0,3,1,1
845,1,1,59.54538881088372,73.86976973389734,1,8,0,1
846,0,2,37.50156491218492,32.81378965191819,0,4,1,1
847,1,1,61.305907181045555,88.56389755973272,1,9,0,1
848,1,2,35.651893267162286,54.06809747942632,0,2,0,0
849,1,2,71.8640016175623,57.55430944525173,1,5,1,1
850,0,2,37.338702842144095,47.946709343430065,0,6,0,1
851,0,2,50.120220279094994,49.401332077525105,0,5,0,1
852,0,1,58.052972711561466,61.07680303066638,1,9,1,1
853,1,2,24.277337040393615,41.35485832943654,0,5,0,0
854,1,1,39.607606786511504,54.421717185787664,0,5,0,0
855,1,2,46.09910926581438,48.33523331416692,0,3,1,1
856,1,1,32.55305424266648,45.095245118199365,0,8,1,1
857,1,2,43.60408913506994,55.59899441206433,0,4,1,1
858,0,2,55.325227818507635,47.21034053713605,1,2,1,1
859,0,1,36.70659825365551,37.51886917520084,0,6,1,1
860,0,2,43.87709124325495,40.34749076599637,0,3,1,1
861,0,2,39.580317656129914,34.99678221699063,0,3,1,0
862,1,2,29.769150467864115,39.593183679891396,0,2,0,0
863,0,2,58.36780635014513,62.6055486331742,1,8,0,1
864,1,1,49.66381049726457,58.85081483310477,0,4,1,0
865,0,1,65.09312116953679,56.74407888951484,1,3,1,1
866,0,2,68.20491923854844,57.382088151651196,1,7,1,1
867,0,2,25.94239872672104,47.597249225508,0,6,0,0
868,1,2,35.601895513339414,47.69475521121177,0,3,1,0
869,0,2,56.35565313002905,48.27309465002617,0,3,1,0
870,0,2,28.502718328457682,33.82835318002939,0,6,1,1
871,1,2,42.96250335253692,51.5605532298179,0,6,0,1
872,0,1,75.47086490031896,54.7866201825265,1,3,1,1
873,0,3,51.259537449374534,45.25290625411604,0,5,1,0
874,0,2,40.746770624406544,34.41155043738348,0,7,1,1
875,1,3,20.166341635945933,24.076341617405586,0,6,1,1
876,0,2,68.21432431663568,58.676892631768524,1,5,1,1
877,0,2,48.54813796302553,43.7090023558915,0,5,1,1
878,1,2,50.93725237355026,53.132549325741394,0,5,0,1
879,0,2,55.54558084703427,60.697123508303164,1,7,1,1
880,1,1,27.743318845907066,37.792206444401856,0,4,1,0
881,0,1,54.18510225709188,52.86964369273022,0,3,1,1
882,0,1,56.669464361456434,42.82345177401914,1,3,0,1
883,0,2,36.28889190637317,27.703118095210506,0,1,0,1
884,0,3,49.91243522707265,65.01339180582504,0,7,1,1
885,0,1,42.21557763689964,45.2840814916696,0,5,0,1
886,0,1,45.821565158269166,46.27583158801789,0,7,0,0
887,0,2,34.44090418599513,36.3265573552785,0,4,1,0
888,0,2,29.44176993400843,28.31501039395428,0,3,1,0
889,0,1,73.91061488964331,72.19380253644267,1,9,1,1
890,1,2,47.31774110932992,48.226144693610635,0,2,0,0
891,0,2,37.09402886784827,42.05845568008493,0,5,0,1
892,0,1,50.33246570809301,46.81972650343041,0,5,1,1
893,0,2,65.02351327178305,51.28812830121403,1,3,1,1
894,1,2,43.53573113232121,71.63105381621267,0,13,0,1
895,0,1,46.10573728111966,47.52127437702105,0,8,1,1
896,0,3,43.30382916907939,32.102476172308286,0,1,0,0
897,0,1,55.06234937871864,41.80200435433538,1,1,1,1
898,1,2,62.81210080510056,65.03731091697956,1,4,0,1
899,0,2,51.99356056790462,49.522118569456616,0,6,1,1
900,0,3,45.8991107123997,41.06825121064747,0,4,1,1
901,0,2,44.126560621249475,31.765885596360462,0,3,0,0
902,0,1,83.31134242989168,66.63112918856312,1,3,1,1
903,0,1,100.0,60.17912729797642,1,1,1,1
904,1,3,51.77185653154097,58.94721722006392,0,6,0,1
905,0,2,66.32020608030972,65.010151075812,1,8,0,1
906,1,1,46.26339741247272,60.53569979086913,1,6,1,1
907,0,1,48.36188993743144,42.847791382690836,0,5,0,1
908,0,2,51.91839458833722,46.660534342015666,0,2,1,0
909,1,2,39.01327594261034,49.50541296978564,0,4,1,1
910,0,2,43.69547476476053,49.875406203565774,0,7,1,0
911,0,2,28.23415258289552,30.446021784419163,0,3,1,0
912,0,2,44.90076088061718,43.63803338638492,0,2,1,0
913,0,1,27.587327780766703,33.904519620121576,0,7,0,1
914,0,2,52.19929234194595,43.9235258026798,0,4,0,1
915,0,3,32.78831550378792,32.76655134137373,0,5,1,1
916,1,1,48.68550362179193,51.46756566258484,0,3,0,0
917,1,1,70.42385390528531,67.17140028807867,1,5,1,1
918,0,2,25.772387715691437,26.67687159539298,0,3,1,1
919,0,2,37.602656345455365,36.04283150864533,0,5,0,1
920,0,2,30.269678590474847,39.480208163982596,0,6,1,0
921,0,1,52.82335806089936,47.82446310365942,1,4,1,1
922,1,3,60.29118423030077,72.40826816048997,1,5,1,1
923,1,1,40.281541512909904,61.952117466533124,0,8,0,0
924,0,2,57.00364504384482,47.037917775629765,1,4,1,1
925,0,3,57.89062415423663,53.542292959205234,0,5,0,1
926,0,1,39.40190601730386,35.26553714881602,0,4,1,1
927,0,2,69.38419279521489,51.48458372535941,0,6,1,1
928,0,1,29.886527902737306,31.968643240891957,0,4,1,1
929,1,3,27.120691896472774,40.68660377757337,0,6,1,1
930,0,2,34.155211999446735,34.25498788306906,0,4,1,1
931,0,1,49.50637169772638,60.670389846660036,1,9,1,1
932,1,2,55.67824524080303,57.824233732035694,0,3,0,1
933,0,2,39.24564509294624,41.59091913263876,0,7,1,0
934,0,1,16.953786757474838,20.630975575140436,0,4,0,1
935,0,1,28.79314185964128,31.005615600965843,0,6,0,1
936,0,1,57.45308910815518,43.66788169020682,1,3,0,1
937,1,1,41.16058205685712,49.96108945467363,0,4,0,1
938,0,1,32.34049245156249,35.34866636229674,0,6,0,1
939,1,3,35.02274767173093,44.744581117240266,0,5,0,0
940,0,3,25.52305601899033,23.369595576466114,0,3,1,0
941,0,2,72.64084217214882,69.56219839470674,1,9,1,1
942,0,2,48.10285150466296,37.556426563613165,0,3,1,0
943,1,2,55.54769558143552,56.34936893975861,0,2,1,0
944,0,1,27.574509235205973,28.059906729902032,0,4,1,1
945,1,2,43.07689289010485,60.63943504519097,0,11,1,0
946,1,1,64.21945435799009,60.99487088881943,1,2,1,1
947,0,2,36.60178321890162,36.58082401469821,0,5,1,0
948,0,1,51.38468275137219,46.768872965350695,0,4,1,0
949,0,2,57.02908082841658,58.71571472339168,1,6,1,1
950,0,1,32.64087232669043,21.824265875731786,0,0,1,1
951,0,2,61.08837824214947,61.62261441554652,1,7,1,1
952,0,2,46.476271439814994,46.15817062370687,0,6,1,0
953,1,2,46.66311822649502,61.50989983257814,0,6,0,1
954,1,3,39.62567140820313,60.56318366196737,0,8,1,1
955,0,1,66.49160100194445,60.02933562242207,1,7,1,1
956,0,2,67.84442182561897,46.16593050464517,1,2,0,1
957,0,1,42.17598521188892,42.600477981901136,0,4,0,0
958,0,3,52.49415000788624,47.11187514664425,0,5,1,0
959,1,1,57.091497974191256,61.181535381636614,1,5,1,0
960,0,3,36.64010142466045,29.008760446834284,0,1,1,0
961,0,1,89.31083549576148,72.55266049392279,1,3,1,1
962,1,2,35.28995641878217,53.06820614971933,0,7,1,1
963,0,1,35.5831310614406,42.77778998836651,0,10,1,1
964,0,2,54.111258373432655,50.529663624496095,0,6,0,1
965,0,1,63.33846628537698,55.143934831739216,1,2,0,1
966,1,2,44.15705819999312,50.34654552332418,0,2,0,1
967,0,3,37.36940063411865,40.47551023993795,0,2,1,1
968,0,3,54.027395778821806,51.134009475355256,0,6,0,1
969,1,2,63.864064045799026,73.56603555830547,1,7,0,1
970,0,1,40.75004532387589,38.612731937767606,0,5,1,1
971,0,2,39.4260232634997,40.821816653142264,0,2,1,0
972,0,2,38.60666631418105,32.640275482745615,0,3,1,0
973,0,2,58.45584954858237,50.600271573169195,1,5,1,1
974,0,2,41.879058507132264,40.16617956200003,0,5,1,1
975,0,2,55.18276420384459,50.24406848497705,0,5,1,1
976,0,3,65.86400965503111,60.37143288985351,0,3,1,1
977,1,2,55.26975401949786,54.53040964192906,1,5,1,1
978,0,2,25.22408556698143,39.53467976609487,0,9,1,1
979,0,3,74.48413038630939,62.929061818625925,1,2,1,1
980,0,2,49.85300673814236,37.30740512589513,0,5,1,0
981,0,3,38.2244918662644,35.082612492488266,0,5,1,1
982,0,3,40.32382075373828,48.30962229212476,0,7,1,1
983,1,1,63.44381913285634,62.78786247385077,1,3,1,1
984,0,2,43.197895314662304,40.8803088312721,0,5,1,0
985,0,1,43.11578890342581,49.37612572554018,1,9,0,1
986,1,2,40.93258105819605,49.04399420072767,0,4,1,1
987,0,2,33.67491819952935,14.64995738103192,0,2,0,0
988,1,2,37.74103377961973,47.72895501525735,0,5,0,1
989,0,3,27.573997524743756,44.38940186440656,0,9,1,0
990,1,2,57.92729487397438,60.086253130728316,1,4,1,1
991,0,1,34.43179536372594,37.04339553738206,0,6,1,1
992,0,1,58.92447116629896,52.32596793758543,1,6,1,1
993,0,1,69.20201476121667,59.802940081594386,1,6,0,1
994,1,1,83.19642005307952,78.31424854620344,1,7,0,1
995,0,1,41.280721322889036,38.386641868817236,0,4,0,0
996,0,1,50.145779360535336,58.85563695305043,0,8,0,1
997,0,2,24.868982803924318,47.70789673020826,0,7,0,0
998,1,2,57.608298295967614,63.091552270966446,0,5,1,1
999,0,2,55.40730526043918,40.23501861679257,0,3,1,0
